[{
    "input": [
        [0.009833,0.496857],
        [0.475597,0.994618],
        [0.005272,0.968161],
        [0.000692,0.500729],
        [0.002018,0.991143],
        [0.000206,0.994653]
    ],
    "output": [0]
}, {
    "input": [
        [0.001789,0.485546],
        [0.006215,0.496942],
        [0.00273,0.498536],
        [0.002821,0.997299],
        [0.026874,0.998409],
        [0.004486,0.996405]
    ],
    output": [0]
}, {
    "input": [
        [0.468979,0.607131],
        [0.699226,0.807686],
        [0.020254,0.804398],
        [0.23347,0.816951],
        [0.106258,0.447094],
        [0.62261,0.863317]
    ],
    output": [0]
}, {
    "input": [
        [0.488461,0.999185],
        [0.493616,0.99873],
        [0.00581,0.998991],
        [0.000563,0.987334],
        [0.019247,0.997774],
        [0.002508,0.498341]
    ],
    output": [0]
}, {
    "input": [
        [0.498656,0.994997],
        [0.002204,0.49188],
        [0.003967,0.993339],
        [0.000346,0.987049],
        [0.002722,0.503912],
        [0.030871,0.996704]
    ],
    output": [0]
}, {
    "input": [
        [0.001013,0.999727],
        [0.001105,0.998219],
        [0.002183,0.999708],
        [0.005913,0.999691],
        [0.002795,0.99787],
        [0.00314,0.998086]
    ],
    "output": [1]
}]
